69190
10100
23880
20193
22869
63304
94187
58637
64171
60721
96601
22043
18843
26703
77660
25811
77714
42272
10206
41799
16372
72750
74763
70852
69360
61538
12407
83148
60114
17285
15490
64250
62350
59270
98332
36892
65743
88063
75370
45304
57240
12407
77179
15897
53048
57022
63304
18843
92635
83084
91951
38797
83452
52285
94774
71296
26703
88200
86460
49158
98268
18843
25490
38797
18843
82070
38797
41812
70678
38797
48187
41320
45304
45897
11541
25229
22099
58225
38767
18843
12951
95492
49158
51722
22099
12422
74790
84827
78455
77701
81712
12407
66410
15107
66410
46055
77137
20193
88200
22043
18179
39349
20193
58768
20193
39286
22099
63304
38797
58225
66410
88200
70422
42272
99825
28834
34662
18843
98332
22561
20234
93713
26807
87448
89739
85063
14538
94275
47823
39508
66410
20193
11494
96778
37702
88200
11924
94837
54177
98496
87302
97013
80019
57530
26703
35386
67495
21384
96702
95865
28937
39571
57442
30881
28258
95288
44266
87480
28140
46388
94837
98332
68164
96702
95219
18544
20865
88200
23173
31316
62487
58042
69271
12407
17190
93822
54432
42272
81379
51236
71276
60120
98268
20527
41216
72904
13047
43882
26703
49158
23154
63304
71972
61571
50233
12407
86053
63304
15714
24647
19493
87440
58132
32867
20865
77660
85654
21172
61402
94098
26703
22099
48667
94134
63057
78777
98332
72347
81412
70317
66410
40789
98292
14871
96558
28140
22043
53157
12129
24204
64300
25037
66603
58225
77660
18373
30763
66410
20865
29546
98726
96233
15880
95865
20193
94837
46051
75225
51969
55151
26703
38239
34662
22043
56789
38797
18843
77660
18843
97724
95219
20865
18843
10019
20793
58225
19354
34823
74025
33241
35346
86589
30606
12648
88200
22099
69145
22099
28140
56224
23847
36973
38797
65654
38797
17004
86671
14105
20193
42790
44481
68049
38797
80053
98332
37437
35367
25033
53346
22402
36218
24134
19278
26194
63096
20865
92635
22099
80190
49158
95087
38514
32453
44266
22245
99819
31186
20865
45655
94837
23261
34823
23930
42630
63300
75110
92635
17721
63304
26703
98268
33195
82097
95219
12407
20193
75961
60244
20865
26703
65232
63304
14842
49158
12538
44266
14582
55663
88200
98332
98268
90620
92635
45304
66976
85214
81712
59006
88441
49158
98332
38797
81712
22099
12407
66410
70015
81712
82364
54735
57616
98268
14037
98332
92635
22099
22099
45304
38797
45304
20193
26194
14170
67785
35386
47152
80173
12407
81749
99538
55419
66410
64378
85728
66410
90878
43398
86265
48170
81714
61000
58225
26703
36880
36224
67451
35386
77552
90626
92804
76764
98147
45641
95219
54733
96558
41557
96558
90408
45145
25188
26374
99068
49158
94805
60682
86476
26703
12360
59266
49158
92635
44794
66410
45304
88200
31955
99133
96702
62811
20510
56902
16474
59335
66410
88200
12458
42272
45304
47104
94837
86830
49158
12827
58225
92635
46506
26194
66410
12242
95219
14938
49158
35386
19749
55345
18843
73519
98499
94837
98268
45070
33532
57556
96702
34903
22255
55676
35967
13123
66227
68260
96702
35963
89736
89509
77660
48875
10645
98332
46588
20193
96702
43940
14657
98332
13955
98332
74666
57516
20865
34662
12368
97013
37043
95865
90671
95865
87279
97013
12577
34823
22099
73260
42023
48700
77660
78109
96702
53373
82809
97462
69447
44932
14413
20865
12407
12407
73168
78417
41531
12407
12407
42007
40303
81055
68243
58225
27211
40914
56083
78452
95219
34424
93242
34533
26700
95219
42269
42787
76003
38797
58614
80857
53454
98332
81008
82056
12852
45328
96558
78324
96204
58621
24776
31389
98332
95865
97013
59844
92635
16205
92635
22704
77402
15872
96434
26703
61188
26703
22043
88200
21496
25347
92999
84545
86598
20193
51069
42272
86924
48756
84676
98268
58225
73029
86758
94149
23097
55057
28140
28156
95676
66410
51930
42272
53535
38797
18314
26322
70178
77660
90806
38797
12580
35386
88200
77660
16205
44565
74193
54481
69966
20193
82610
14842
36671
37759
10428
98297
89923
38797
63304
27904
37854
20193
88200
12407
58766
88340
79733
45304
42272
97013
96173
49158
34662
50985
16662
98383
92635
20703
95219
86345
39400
75824
98332
10972
64198
32519
38267
98332
85432
69544
96934
82749
89098
12407
34823
97013
89870
35221
95865
92635
77660
22099
96702
33686
57282
16349
35386
96702
79518
27861
26703
97515
13010
96558
91782
18843
18043
97013
68497
16205
98366
38797
66410
59512
46069
95822
45304
46658
34686
17926
19758
41537
20758
25647
46864
77660
26019
98268
48416
15688
66410
16205
57310
18806
24299
61841
12407
30208
14842
38797
94837
26703
18843
34344
26964
51042
36955
53486
73580
35386
33341
13325
62684
36318
68497
98268
53164
12407
52959
94837
44406
43067
35386
14447
20193
64350
22043
38797
28140
61534
73880
26703
55522
79917
33213
45852
47823
58179
86581
66410
38797
22421
66995
94837
12407
27562
77666
35386
18843
70938
98332
18556
49158
34823
18843
58225
15500
92635
31225
95272
92635
49158
18876
99493
49158
85464
26703
88200
67244
45440
35386
95219
98332
37676
56292
82140
22099
97472
50703
85965
70823
63610
97013
28140
88200
89206
97013
34823
17268
95865
98268
35386
53572
22043
42262
48082
41332
11679
42272
44539
44476
26194
94837
28140
85428
20193
74011
26194
92401
35386
49158
18843
20193
44472
66756
45304
12375
48536
94837
45304
39784
45304
12407
58225
95278
66410
87099
39031
65321
27679
95219
20865
69698
42272
26020
46844
83104
64018
94113
23702
81712
76050
14842
23266
18843
58225
97013
83863
40536
44266
45304
20865
61031
42272
31609
38251
82489
22099
97012
42272
31713
72448
55574
45304
69620
92635
20193
98332
49158
20865
81712
94837
85046
32649
84734
98332
88200
52872
96558
32123
37076
46600
57703
44266
19182
76143
81712
38797
11174
59601
37798
94837
98268
98268
22099
16205
93979
35386
81571
14370
21912
22043
47823
34823
96918
34662
20865
63304
41349
95509
49215
49158
28863
49657
96011
46457
78600
18843
37698
56380
20193
86235
42272
74724
25319
13060
74218
17641
92635
20193
20865
74786
94837
58225
47794
31639
12822
20865
34823
22099
76533
77660
79015
94341
60113
72040
52758
58886
51776
14712
45983
81712
66588
57269
35886
37236
92635
67183
53010
37795
41013
12407
55581
94837
75172
29942
35386
96702
34662
26703
63685
65989
42272
91697
96558
18843