41226
89318
59419
63157
81510
83942
83203
64453
61817
73413
98268
52009
89719
60981
41263
54056
48186
59434
44887
68169
14619
12397
12213
47566
66283
10408
39421
43046
88200
83033
89818
95136
69778
65663
56603
96937
19372
84602
74200
94997
81712
49430
81163
51946
46852
90285
10704
65104
88247
70310
80305
94801
31493
29302
68851
90667
24072
80699
44929
82575
53106
14266
96023
30801
58076
71630
78198
48783
50619
14234
75365
40503
44548
98510
21309
68497
58240
32195
62910
68061
45886
35380
81909
73004
74059
11894
31388
90863
57091
20319
94530
47739
16205
53012
35997
63045
93774
62835
57271
61676
39447
45410
81054
37836
47425
74100
96272
31856
96558
92646
16216
73950
60097
51097
13362
22183
66265
11125
85426
47664
17262
58964
98685
67028
10188
31397
85760
72562
79425
26194
69544
77411
26485
67633
76759
17793
92380
21020
63272
74000
90353
40351
14760
16130
56269
50588
15459
10319
25838
62187
29857
33892
27158
16052
14267
28283
32129
70838
28627
23530
40829
70409
74575
27756
13063
57373
10348
68351
60148
69656
85036
52495
20250
81145
46384
66295
16624
15930
50481
34068
95019
95865
32099
23189
71809
58018
80737
87738
48222
66050
46868
21659
89884
64205
47150
73501
61030
17448
51189
62294
13355
51281
68363
95425
32954
85567
78137
91787
19197
22099
18843
38513
33281
68996
36056
27501
48602
45586
46090
57051
50197
95476
90104
28224
81962
87069
74535
20865
48273
51318
74457
54727
26411
36612
83381
76782
86105
17379
12415
26071
70032
21513
78025
91489
46812
24371
75906
64592
58485
89543
95740
13455
70751
13107
50908
72868
74057
86230
68201
62341
63700
59178
31024
50756
20184
42027
87606
65595
24601
22358
81254
97013
75036
64105
74296
57484
87596
66172
20685
74259
20566
33749
71933
66410
11725
91736
38946
87617
48270
58209
43929
71374
34291
21139
52506
69835
82687
29129
24537
60699
11303
94630
37523
69902
75204
23876
98421
23269
90161
99677
91808
58304
72780
28678
16934
32866
84510
68218
68448
61926
26763
36445
75554
86641
33277
49803
14299
70845
28313
43785
54162
87212
99507
32702
95331
57803
68015
95477
78104
97590
29124
95889
19031
95789
42272
25569
92676
49018
96702
93038
62217
97357
47015
98364
50969
95646
90065
42540
96867
67687
97119
28285
92650
12048
94119
29079
39281
42070
20983
14842
30450
35827
32049
56600
66020
14120
51587
65775
29861
20040
34071
76534
88799
39995
63732
14792
23067
44784
12977
54904
21877
58605
80386
69188
75981
76697
42187
91108
18165
29134
35639
96905
85262
86376
82727
46503
37692
25265
94267
11465
64788
90296
73991
97555
91384
98332
54679
92409
85351
53654
48330
21938
56698
21573
51527
15186
98476
65537
66125
61759
98579
58929
89085
27518
27930
78229
54762
72400
70948
29831
40477
69444
80622
57798
67714
62190
28670
80466
28216
10314
70583
29792
34823
38183
73615
88854
79956
69957
70563
38271
36554
70101
13274
20951
20412
32842
93943
14779
52046
76345
98850
79475
25549
30042
23350
48032
93387
80787
81432
81042
47920
62576
63918
36014
44506
25711
98701
87759
84944
75757
43229
56509
60792
77660
29727
51077
71757
90007
99566
69763
29358
59342
66571
56356
40658
15753
91751
72408
10668
36159
77036
61883
24124
63304
66471
72860
76773
64102
25929
79024
49204
33023
83613
32556
51797
50391
15531
50963
33343
46595
67076
26096
89567
85043
80871
91675
58641
44618
42869
22043
40278
74164
45362
16861
95305
64154
87570
19033
58477
69396
89169
76193
19560
56931
63694
27773
12292
10828
48077
79455
67008
48650
12407
58649
23983
65727
10752
35814
71571
89197
38977
99167
72364
53701
35396
24401
99684
67245
59166
65901
38512
97798
60926
22223
31915
89340
23832
99681
34662
80222
14251
48896
65802
31843
49651
38689
12260
17654
65836
26533
20091
50953
89817
75918
75833
31893
88592
25064
45304
31165
34333
82742
46222
44756
84526
96865
75731
44873
32079
96985
13763
38797
42490
74592
15144
78858
36817
62881
70777
59365
20193
73983
17388
71891
97630
80958
58225
33196
45272
20969
24559
83870
56037
62697
57406
54249
28140
58549
92042
33937
15837
15821
32116
11794
41033
28143
58260
65843
30053
36504
26429
45633
66744
77687
70316
21760
86081
63182
81508
16027
39165
48686
85151
71777
55265
32794
95219
32933
28254
81450
43047
97033
36685
67600
50818
13213
87765
28017
82110
88826
88813
78067
73054
84927
49465
91766
13863
13916
27799
65266
72116
86377
14953
15751
82138
11457
19612
31583
73569
26587
17703
74003
77776
97614
24741
23431
66351
44641
37757
55735
85682
73351
32747
63932
17603
40603
37407
46220
53059
50188
93668
42956
17277
18407
55976
90596
84837
65487
46720
44266
94381
90947
30578
77572
47823
45483
84688
89958
98395
41651
21532
29225
11821
77254
23828
86049
40616
93404
48691
70999
88731
92635
79795
98167
19685
31712
72541
58307
89203
29173
40679
74371
56016
71459
88395
20216
84986
94917
92237
33925
34335
86028
53745
25577
73575
62421
72178
84754
13667
94837
43907
25483
66261
11225
31904
99985
18573
45020
29207
45343
72156
48133
22596
33592
81325
31066
62057
59973
73560
70927
17588
50586
20001
38121
84274
59258
12947
57087
75234
39412
14782
38423
45559
75633
44426
46304
16926
82085
49158
86577
77233
57457
18745
64897
21294
47066
66965
56678
53668
76003
57080
39658
64964
78901
53929
30643
66539
56632
44848
35121
69831
68818
32463
95025
56920
45773
56533
81853
49843
55821
63160
35386
92536
85071
86306
73503
42462
26703
30616
65718
33878
46625
80397
85617
83619
57262
42724
99893
11447
89025
89232
79348
11887
50105
64090
74616
39644
31016
23649
14346
75864
20741
17855
13266
72243
75641
63945
18786
14079
93534
49297
30691
84920
37949
50779
92766
24617
18114
25167
73012
12424
65771
85722
80964
52376
57745
72286
17552
65319
61529
47336
83810
61607
16924
72892
62569
37940
62530
87064
66377
87328
53803
79441
37336
91986
39378
28360
48533
97346
13150
56184
68274
50497
87490
76147
12770
54959
23966
99174
99383
92364
38111
65274
52572
73723
29514
20716
94115
90777
26996
95135
56470
53901
13951
42162
66271
68100
49945
61979
76348
38763
72896
54781
98303
19615
51483
54133
68127
23654
95558
78284
89541
13248
21176
20058
98125
30771
16368
53449
76259
41824
87573
68957
40256
71214
39772
99983
98638
71944
79642